%YAML:1.0
---
cam0_fx: 2053.870851402332
cam0_fy: 2054.6424358181944
cam0_cx: 949.1432898043962
cam0_cy: 616.8098649324648

cam0_k1: -0.10142134694029643
cam0_k2: 0.19755613960315538
cam0_k3: 0.0007389363436755917
cam0_k4: -0.0008966192288269916
cam0_k5: 0.0

cam1_fx: 2045.4462719486469
cam1_fy: 2045.49069827819
cam1_cx: 953.2368596003994
cam1_cy: 610.3904204332861

cam1_k1: -0.1014782283993528
cam1_k2: 0.19823694003634276
cam1_k3: -0.00030560421556324185
cam1_k4: 0.0007536034069072789
cam1_k5: 0.0

image_width: 1920
image_height: 1200

camera_matrix: !!opencv-matrix
   rows: 3
   cols: 3
   dt: d
   data: [ 1280.769563, 0.0, 485.401829, 
           0.0, 1281.149119, 361.309893,
           0.0, 0.0, 1.0]

distortion_coefficients: !!opencv-matrix
   rows: 5
   cols: 1
   dt: d
   data: [-0.202168, 0.117030, -0.000706, -0.000400, 0.0]

