<?xml version="1.0"?>
<opencv_storage>
<calibration_time>"2021年12月27日 星期一 21时49分24秒"</calibration_time>
<image_width>960</image_width>
<image_height>768</image_height>
<board_width>9</board_width>
<board_height>6</board_height>
<square_size>25.</square_size>
<camera_matrix type_id="opencv-matrix">
  <rows>3</rows>
  <cols>3</cols>
  <dt>d</dt>
  <data>
    1.2798332006436121e+03 0. 4.6454535422922646e+02 0.
    1.2758479823739422e+03 3.6607572560084606e+02 0. 0. 1.</data></camera_matrix>
<distortion_coefficients type_id="opencv-matrix">
  <rows>5</rows>
  <cols>1</cols>
  <dt>d</dt>
  <data>
    -2.2432065957351482e-01 2.6990396562907132e-01
    -3.0424663028326237e-03 -1.2089374719634376e-04
    -3.5183238093851094e-01</data></distortion_coefficients>
<avg_reprojection_error>1.9405542873810999e-01</avg_reprojection_error>
<per_view_reprojection_errors type_id="opencv-matrix">
  <rows>30</rows>
  <cols>1</cols>
  <dt>f</dt>
  <data>
    1.58857092e-01 1.74874216e-01 1.56012490e-01 1.57466263e-01
    1.44732356e-01 1.63719937e-01 1.79259747e-01 1.88333109e-01
    1.84699968e-01 1.67860061e-01 1.89943880e-01 1.77215651e-01
    1.59032553e-01 1.85190767e-01 2.08453283e-01 2.02290565e-01
    1.77260146e-01 1.73433572e-01 1.73387438e-01 1.85056955e-01
    2.11170897e-01 1.96162432e-01 1.80144444e-01 3.67170036e-01
    2.31868833e-01 1.97924033e-01 2.51677096e-01 1.62239447e-01
    2.00317293e-01 1.91849679e-01</data></per_view_reprojection_errors>
<extrinsic_parameters type_id="opencv-matrix">
  <rows>30</rows>
  <cols>6</cols>
  <dt>d</dt>
  <data>
    3.0530884167778951e+00 -3.4274567748998154e-02
    -4.3554848392842280e-02 -1.8304900313642486e+02
    8.4971587965659538e+01 6.5446024052766404e+02 3.0738740245879232e+00
    1.7382556862600450e-02 -1.0462973367516031e-01
    -1.5493458016537636e+02 6.8069894053641775e+01
    6.5559998820054886e+02 3.0536182763099586e+00 3.6267958031671481e-02
    -1.9103944828580782e-01 -1.1736352904083873e+02
    8.4018651413833894e+01 6.5099180822819278e+02 3.0474453003298669e+00
    6.3487429886844693e-02 -2.6212753325968835e-01
    -8.8136657653319091e+01 8.4185990913050034e+01
    6.4876784701799602e+02 3.0584605536385268e+00 3.7055841352752632e-02
    -3.3655785076161726e-01 -5.3226872143670214e+01
    7.8220784078638459e+01 6.4788488039454091e+02 3.0387884522200768e+00
    3.7213367779802962e-02 -4.0860685829310878e-01
    -1.9926447761892046e+01 8.8043069724115838e+01
    6.4078387017383113e+02 3.0174576728957807e+00 2.5828038686468664e-02
    -3.1429394900509339e-01 -1.1318540550631772e+01
    1.1429693117175667e+02 5.3546616122735963e+02 2.9831386583922646e+00
    -2.8055488447564458e-02 -3.6069698452359800e-02
    -1.6302222177009529e+02 1.3852394564368629e+02
    5.7686563937417213e+02 3.0116270352978280e+00
    -4.5522142752999706e-02 -1.9806554230146861e-01
    -8.1657164741191849e+01 1.1650993444818899e+02
    5.5639857488496523e+02 3.0114013031468958e+00 8.2951505873240169e-03
    -2.7993105525222284e-01 -3.0084751665399395e+01
    1.2034036222823744e+02 5.4189608848749526e+02 3.0184414731476679e+00
    1.9418661146634916e-02 -3.7838701461823476e-01
    7.4175092683942943e+00 1.1298795466274957e+02 5.2919893893765345e+02
    2.9943357421307444e+00 -1.2930931919109403e-02
    -3.8381580788349556e-01 1.0032134752469883e+01
    1.2379546470298529e+02 5.2483210500720884e+02 2.9807952340228892e+00
    -5.3847900689072310e-03 -2.4751738867356557e-01
    -5.0050739284360787e+01 1.3919169571088744e+02
    5.4970486535377972e+02 2.9833143830643283e+00
    -1.8723310001227095e-02 -8.8592365911698334e-02
    -1.1734549329488175e+02 1.3595752171974675e+02
    5.7522368927124069e+02 2.9648374374298023e+00
    -5.3247490725025964e-02 -1.8345293449643890e-02
    -1.6391048605693447e+02 1.3952672715714638e+02
    5.7746643780625789e+02 2.9704021135598500e+00
    -6.2806841833455127e-02 -1.1852311612565222e-02
    -1.6684059508632467e+02 1.3464205057185129e+02
    5.7696381934459987e+02 3.0161963717007683e+00
    -9.2672693824481969e-02 -2.6874231032206170e-02
    -1.5862320519559611e+02 9.1189812968668193e+01
    5.8430985932775661e+02 3.0062596006985949e+00 3.5779030446960687e-02
    -1.3400505103353808e-01 -1.0659734954452300e+02
    9.6424848381191623e+01 5.7826104037908055e+02 3.0034666166513642e+00
    5.0139193430572999e-02 -2.1244822733572086e-01
    -7.4100204483594055e+01 9.2990720108180781e+01
    5.6086961345311772e+02 3.0123190740645125e+00 4.7962464425759736e-02
    -3.0808088206984857e-01 -3.5451524874756245e+01
    9.0588063430744057e+01 5.3581771346685036e+02 2.9908546031472332e+00
    2.3577926266600043e-02 -3.9398848971176914e-01
    3.7723307509184734e+00 1.0298456000609390e+02 4.9928121076089781e+02
    3.0454091776924845e+00 2.7413472677083810e-02
    -4.2781131643394321e-01 -1.2771211842518781e+02
    1.0978139240077370e+02 5.3997523930142256e+02
    -2.8728573830775748e+00 -2.2237920874462195e-02
    2.7060169104541937e-01 -1.2556927309310588e+02
    8.3338186370237665e+01 5.9750303549657201e+02 3.0782057023465201e+00
    -4.3601578747127313e-02 2.5636652041727409e-01
    -1.2364328152570167e+02 1.0331292138480256e+02
    4.5972956248068249e+02 2.7953190688447020e+00 8.2164705799212985e-03
    2.5975580811674798e-02 -5.6291739509875839e+01
    9.4716511213044683e+01 4.3459916345060134e+02 2.7994473310858661e+00
    -9.0086249074288523e-03 1.8367116518258739e-01
    -1.2546193593370270e+02 9.8075796596524143e+01
    4.4646299893798135e+02 2.8263741755758809e+00
    -1.9448208077251310e-03 -3.4773992786091341e-02
    -3.2917948802989827e+01 9.1382495122658582e+01
    4.3845064991474806e+02 -2.9839604350856610e+00
    -5.8388159992977258e-02 4.0679783959359415e-02
    -1.4107129617714168e+02 1.0381127386189955e+02
    6.1706119137822816e+02 -2.9782742616013529e+00
    7.9235514305616206e-02 3.6613921642041153e-01 1.5914883640006845e+01
    9.7748827245709336e+01 5.5367156124242194e+02
    -3.0876816628288570e+00 4.9302733334055847e-02
    3.9895913678364252e-02 -1.3450029709352344e+02
    1.3386781001575844e+02 5.6053464817593715e+02</data></extrinsic_parameters>
</opencv_storage>
