<?xml version="1.0"?>
<opencv_storage>
<calibration_time>"2021年12月27日 星期一 21时59分02秒"</calibration_time>
<image_width>960</image_width>
<image_height>768</image_height>
<board_width>9</board_width>
<board_height>6</board_height>
<square_size>25.</square_size>
<camera_matrix type_id="opencv-matrix">
  <rows>3</rows>
  <cols>3</cols>
  <dt>d</dt>
  <data>
    1.2775223263612752e+03 0. 4.8035160585415417e+02 0.
    1.2733359905726452e+03 3.6833134391050680e+02 0. 0. 1.</data></camera_matrix>
<distortion_coefficients type_id="opencv-matrix">
  <rows>5</rows>
  <cols>1</cols>
  <dt>d</dt>
  <data>
    -2.2439865984724600e-01 2.3439049913770982e-01
    -5.1203399677911721e-04 -1.6439529596739128e-03
    -3.2765160235254809e-01</data></distortion_coefficients>
<avg_reprojection_error>1.8029570846691997e-01</avg_reprojection_error>
<per_view_reprojection_errors type_id="opencv-matrix">
  <rows>30</rows>
  <cols>1</cols>
  <dt>f</dt>
  <data>
    2.01198116e-01 1.71497181e-01 1.50124937e-01 1.63241521e-01
    1.55408144e-01 1.63555026e-01 1.57034114e-01 1.85966641e-01
    2.00700462e-01 1.98949471e-01 1.75334185e-01 1.54676497e-01
    1.77123293e-01 1.71076864e-01 1.65738329e-01 1.63544059e-01
    1.74621031e-01 1.95886806e-01 1.79265782e-01 1.94426537e-01
    1.46339282e-01 1.37884289e-01 1.49633169e-01 1.71710476e-01
    1.40060455e-01 3.52923810e-01 1.47419989e-01 1.50483459e-01
    2.18343198e-01 1.71060830e-01</data></per_view_reprojection_errors>
<extrinsic_parameters type_id="opencv-matrix">
  <rows>30</rows>
  <cols>6</cols>
  <dt>d</dt>
  <data>
    3.0898031375595325e+00 -2.0367879585492408e-03
    7.9386265659388000e-02 -1.6931224951940763e+02
    9.7945979385011341e+01 6.2553173186012782e+02 3.1177423531223636e+00
    -1.8931855608320069e-02 -3.3830299688774636e-02
    -1.2121568968410183e+02 8.2886268428942614e+01
    6.2878663152688978e+02 3.1083255469958164e+00 3.5146011289416516e-02
    -1.5690808827226504e-01 -6.7048568056901928e+01
    8.6418969009180927e+01 6.3134942140053306e+02 3.1005317951250837e+00
    4.1797423340768240e-02 -2.3915228884540229e-01
    -2.9104632779034542e+01 9.0361772558624651e+01
    6.2922619452541971e+02 3.0955289081844333e+00 3.2411663856634305e-02
    -3.5524022529194310e-01 2.7247469583170634e+01
    9.1441868175184695e+01 6.0463807724119374e+02 3.0563397004988411e+00
    5.9808154117652647e-02 -2.8952040078845837e-01
    -1.2868704383422493e+01 1.3248350554244305e+02
    6.0955427017848695e+02 3.0509648206162181e+00 2.7884225887827793e-02
    -1.2182469726666585e-01 -9.7714206186491239e+01
    1.3960456273438612e+02 6.1834521625049854e+02 3.0418816446343779e+00
    -2.7888049606042686e-02 1.0814442756393525e-03
    -1.6141307409007513e+02 1.4374733179616129e+02
    6.2478681983839897e+02 3.0391805192758121e+00
    -3.0469483488769943e-02 4.9073963164386565e-02
    -1.9113038802622370e+02 1.3908670068353769e+02
    6.2404521280680035e+02 3.0806252129924787e+00
    -9.0212828853562119e-02 1.3440271974714833e-02
    -1.7210567878124721e+02 1.0218507402118757e+02
    6.2504877328004659e+02 3.0755478963584162e+00
    -2.7801656124656560e-02 -3.5266046526136928e-02
    -1.4833141509330261e+02 1.0860679528347028e+02
    6.1988735902035830e+02 3.0804528149762564e+00
    -2.0585126980656815e-02 -1.6967417997630982e-01
    -8.7686995265613604e+01 1.1058117767449097e+02
    6.0940660290479479e+02 3.0632576967731029e+00
    -7.4267883134067555e-02 -3.2705758540726410e-01
    -1.0957209467737744e+01 1.1160468792223109e+02
    5.7807498727947132e+02 3.0935360219326564e+00
    -2.2713007161637645e-02 -4.0308327379041492e-01
    1.6806873091561840e+01 9.0509954451150534e+01 5.6620480800443522e+02
    3.0708771504929717e+00 1.2160941439420436e-01
    -5.3800383872858593e-01 2.2936051700367848e+01
    7.5138543324950689e+01 7.1769293374665926e+02
    -3.0254089615826718e+00 -2.5341249911082186e-01
    5.7660831062225737e-01 3.0385855121695588e+01 7.7999738962730177e+01
    7.6130574696070096e+02 2.8685746992889061e+00
    -3.1901767730370922e-01 -3.5363670478022502e-01
    -1.2588957416863709e+00 1.1886429579198692e+02
    6.1397783018996790e+02 2.7417294916839787e+00 2.2807983543253439e-02
    -4.0641875918159077e-02 -1.1199315219537276e+02
    9.6733148844925651e+01 4.9139139208413519e+02 2.7974607997899783e+00
    -1.2264118998541546e-01 -2.4758500687787409e-03
    -1.3632679184256361e+02 7.4440378896387458e+01
    5.0322801769017934e+02 2.7671754204091257e+00
    -2.3450079017862623e-02 -2.5865594666507885e-01
    -2.0533512719714668e+01 9.4492191857505745e+01
    4.8418035428600808e+02 -2.9792103454883416e+00
    -3.3049361884828349e-02 3.9952913749857699e-01
    -7.2465868074755759e+00 1.1034085234450652e+02
    6.3117597212499197e+02 -3.0158288592921427e+00
    -6.0964705811568182e-02 2.3659498739102822e-01
    -9.0018427915057259e+01 1.0980394466898896e+02
    6.4040930645982030e+02 -3.0382820213045982e+00
    4.2576835127326455e-02 1.1051071373010887e-01
    -1.4681053638421275e+02 1.1122622957765176e+02
    6.4399361089039121e+02 -3.0232126753840398e+00
    5.0008380919208055e-02 6.5218690974443133e-02
    -1.6844086618898220e+02 9.5096379067531998e+01
    6.4109505958384955e+02 -3.1141076309430704e+00
    -2.6485282218715548e-02 5.4058234826064096e-02
    -1.8000045929358353e+02 1.4597798085595622e+02
    6.3447356274491744e+02 3.0999216904646203e+00
    -4.6829791310716531e-02 3.8784420417013665e-01
    -1.3568028177191712e+02 1.1647091808923761e+02
    5.2389191373602284e+02 -2.9229866778954525e+00
    -3.3135162240876682e-02 -9.5923498337657231e-02
    -1.6822567779404724e+02 1.0042074720785662e+02
    6.6734628428841017e+02 -2.9240281289297436e+00
    -2.5472371921510330e-02 3.1695526596202672e-01
    2.7955485977676137e+01 1.1568397006833962e+02 6.5113144831197906e+02
    2.6313005327675363e+00 -1.5860568536186795e-01
    -9.6360129954755652e-02 -4.4128224172402383e+01
    8.2839310510615348e+01 4.8988122169978806e+02 3.0050894049972987e+00
    -8.7114970118200241e-02 -5.9361220975043494e-01
    -6.9618136162057439e+01 9.7552985778852786e+01
    6.5869774015281621e+02</data></extrinsic_parameters>
</opencv_storage>
